OLD=00010101011111 00010101 000
		ID 21

NEW=00010101011111 00000101 000
		ID 5

0101 0101 1111
0101 0101 1111

000 10100000 11111010101000
000 10101000

000 00000000 11111010101000
000 10000000 11111010101000
000 01000000 11111010101000
000 11000000 11111010101000
000 00100000 11111010101000
000 10100000 11111010101000
000 01100000 11111010101000
000 11100000 11111010101000
000 00010000 11111010101000
000 10010000 11111010101000
000 01010000 11111010101000
000 11010000 11111010101000
000 00110000 11111010101000
000 10110000 11111010101000
000 01110000 11111010101000
000 11110000 11111010101000
000 00001000 11111010101000
000 10001000 11111010101000
000 01001000 11111010101000
000 11001000 11111010101000
000 00101000 11111010101000
000 10101000 11111010101000
000 01101000 11111010101000
000 11101000 11111010101000
000 00011000 11111010101000
000 10011000 11111010101000
000 01011000 11111010101000
000 11011000 11111010101000
000 00111000 11111010101000
000 10111000 11111010101000
000 01111000 11111010101000
000 11111000 11111010101000
